0.000000 0.000000 0.000000 0 0 6
dist: 0.000000 prob: 1.000000 amp: 1.000000 smix: 1.000000
audio: 0.000000 1.000000 1.000000 0 0 6
